# Tetrahedron method
        0.0000000000        0.0000000000        0.0000000000        0.0000000000        0.0000000000        0.0000000000        0.0000000000
        0.2000000000        0.0000000000        0.0000000000        0.0000000000        0.0000000000        0.0000000000        0.0000000000
        0.4000000000        0.0000000000        0.0000000000        0.0000000000        0.0000000000        0.0000000000        0.0000000000
        0.6000000000        0.0000000000        0.0000000000        0.0000000000        0.0000000000        0.0000000000        0.0000000000
        0.8000000000        0.0000000000        0.0000000000        0.0000000000        0.0000000000        0.0000000000        0.0000000000
        1.0000000000        0.0000000000        0.0000000000        0.0000000000        0.0000000000        0.0000000000        0.0000000000
        1.2000000000        0.0002735300        0.0041621944        0.0000280867        0.0000280867        0.0000279821        0.0000279821
        1.4000000000        0.0006856643        0.0106753762        0.0000700270        0.0000700270        0.0000706474        0.0000706474
        1.6000000000        0.0009275883        0.0149928621        0.0000940701        0.0000940701        0.0000957819        0.0000957819
        1.8000000000        0.0011861630        0.0199280493        0.0001193695        0.0001193695        0.0001227206        0.0001227206
        2.0000000000        0.0014954954        0.0262748617        0.0001494039        0.0001494039        0.0001558685        0.0001558685
        2.2000000000        0.0034560268        0.0648411086        0.0002787713        0.0002787713        0.0002350702        0.0002350702
        2.4000000000        0.0048989293        0.0968545905        0.0003695414        0.0003695414        0.0002937536        0.0002937536
        2.6000000000        0.0066008936        0.1375525510        0.0004723235        0.0004723235        0.0003642012        0.0003642012
        2.8000000000        0.0087734714        0.1936810176        0.0005993241        0.0005993241        0.0004606740        0.0004606740
        3.0000000000        0.0116323319        0.2757874197        0.0007502898        0.0007502898        0.0005683247        0.0005683247
        3.2000000000        0.0156282543        0.4051378590        0.0009505353        0.0009505353        0.0007244380        0.0007244380
        3.4000000000        0.0244195946        0.6772394770        0.0013293272        0.0013293272        0.0009678098        0.0009678098
        3.6000000000        0.0420969168        1.3691411973        0.0020694635        0.0020694635        0.0014739812        0.0014739812
        3.8000000000        0.0208560129        1.6702169365        0.0012382258        0.0012382258        0.0013572216        0.0013572216
        4.0000000000        0.0111690221        0.4292290761        0.0005814373        0.0005814373        0.0009075595        0.0009075595
        4.2000000000        0.0073383400        0.2575871760        0.0004204055        0.0004204055        0.0008089130        0.0008089130
        4.4000000000        0.0049178179        0.2480158060        0.0003550182        0.0003550182        0.0008203032        0.0008203032
        4.6000000000        0.0063382750        0.3026642717        0.0003815642        0.0003815642        0.0008519082        0.0008519082
        4.8000000000        0.0036973238        0.3167357821        0.0002992980        0.0002992980        0.0007933944        0.0007933944
        5.0000000000        0.0031042751        0.3872786359        0.0002858335        0.0002858335        0.0008303438        0.0008303438
        5.2000000000        0.0057962052        0.6465553984        0.0003278659        0.0003278659        0.0010065900        0.0010065900
        5.4000000000        0.0072968785        0.6212950790        0.0003126950        0.0003126950        0.0010722417        0.0010722417
        5.6000000000        0.0058857464        0.5208989302        0.0002560602        0.0002560602        0.0011823367        0.0011823367
        5.8000000000        0.0046643225        0.4966889582        0.0002139302        0.0002139302        0.0013116564        0.0013116564
        6.0000000000        0.0042066910        0.4728889415        0.0001837864        0.0001837864        0.0014496672        0.0014496672
        6.2000000000        0.0043698963        0.4938880194        0.0001641864        0.0001641864        0.0017292144        0.0017292144
        6.4000000000        0.0054346421        0.5394430750        0.0001435726        0.0001435726        0.0021705888        0.0021705888
        6.6000000000        0.0029486426        0.3808781813        0.0001177477        0.0001177477        0.0016271746        0.0016271746
        6.8000000000        0.0043253345        0.3557443100        0.0001484374        0.0001484374        0.0011740729        0.0011740729
        7.0000000000        0.0071148728        0.5645056562        0.0001948234        0.0001948234        0.0016785494        0.0016785494
        7.2000000000        0.0080884361        0.5439247649        0.0002139077        0.0002139077        0.0014054453        0.0014054453
        7.4000000000        0.0083222990        0.4603521408        0.0002155941        0.0002155941        0.0011473226        0.0011473226
        7.6000000000        0.0085113377        0.3783901987        0.0002251224        0.0002251224        0.0009214398        0.0009214398
        7.8000000000        0.0096000143        0.3434744383        0.0002465784        0.0002465784        0.0008048037        0.0008048037
        8.0000000000        0.0111527976        0.3107647434        0.0002588214        0.0002588214        0.0006785857        0.0006785857
        8.2000000000        0.0594571816        0.2115616505        0.0007341960        0.0007341960        0.0005399357        0.0005399357
        8.4000000000        0.0847191782        0.1473325213        0.0009509197        0.0009509197        0.0004386932        0.0004386932
        8.6000000000        0.2037285840        0.1045023164        0.0019450146        0.0019450146        0.0007499476        0.0007499476
        8.8000000000        0.4532607306        0.0667624533        0.0041850466        0.0041850466        0.0014711477        0.0014711477
        9.0000000000        0.2063434142        0.0076821689        0.0018594873        0.0018594873        0.0006556114        0.0006556114
        9.2000000000        0.1918808848        0.0094479923        0.0017086036        0.0017086036        0.0006050947        0.0006050947
        9.4000000000        0.1901334651        0.0133170990        0.0016716489        0.0016716489        0.0005961528        0.0005961528
        9.6000000000        0.1549808477        0.0067501499        0.0013959772        0.0013959772        0.0004622708        0.0004622708
        9.8000000000        0.1548654021        0.0065533522        0.0013869170        0.0013869170        0.0004528747        0.0004528747
       10.0000000000        0.1547433519        0.0063625496        0.0013774996        0.0013774996        0.0004435994        0.0004435994
       10.2000000000        0.1630606918        0.0065118446        0.0014627356        0.0014627356        0.0004517539        0.0004517539
       10.4000000000        0.1610582201        0.0062329645        0.0014242453        0.0014242453        0.0004397780        0.0004397780
       10.6000000000        0.1608583318        0.0061393449        0.0014077731        0.0014077731        0.0004342899        0.0004342899
       10.8000000000        0.1449747203        0.0057404552        0.0012535766        0.0012535766        0.0003886043        0.0003886043
       11.0000000000        0.1285070581        0.0052137890        0.0011067342        0.0011067342        0.0003364999        0.0003364999
       11.2000000000        0.1212736972        0.0046165883        0.0010444663        0.0010444663        0.0003096900        0.0003096900
       11.4000000000        0.1167362212        0.0041099036        0.0010103241        0.0010103241        0.0002879239        0.0002879239
       11.6000000000        0.1168297429        0.0040413079        0.0010105696        0.0010105696        0.0002801130        0.0002801130
       11.8000000000        0.1169279459        0.0039692981        0.0010105484        0.0010105484        0.0002723150        0.0002723150
       12.0000000000        0.1170308783        0.0038938242        0.0010102620        0.0010102620        0.0002645294        0.0002645294
       12.2000000000        0.1171385883        0.0038148363        0.0010097119        0.0010097119        0.0002567556        0.0002567556
       12.4000000000        0.1172511240        0.0037322844        0.0010088995        0.0010088995        0.0002489932        0.0002489932
       12.6000000000        0.1173685334        0.0036461184        0.0010078263        0.0010078263        0.0002412416        0.0002412416
       12.8000000000        0.1179084890        0.0035648819        0.0010114293        0.0010114293        0.0002339091        0.0002339091
       13.0000000000        0.1283601383        0.0037070283        0.0011198381        0.0011198381        0.0002384587        0.0002384587
       13.2000000000        0.1391085901        0.0038374303        0.0012220204        0.0012220204        0.0002502022        0.0002502022
       13.4000000000        0.1478253079        0.0042411802        0.0012573450        0.0012573450        0.0002620417        0.0002620417
       13.6000000000        0.1327035917        0.0040772226        0.0011442285        0.0011442285        0.0002329257        0.0002329257
       13.8000000000        0.1286155432        0.0036604010        0.0011295361        0.0011295361        0.0002162383        0.0002162383
       14.0000000000        0.1289966528        0.0036258795        0.0011545664        0.0011545664        0.0002085748        0.0002085748
       14.2000000000        0.1290890874        0.0035795852        0.0011771743        0.0011771743        0.0002002026        0.0002002026
       14.4000000000        0.1291894858        0.0035282720        0.0011987478        0.0011987478        0.0001917918        0.0001917918
       14.6000000000        0.1292978772        0.0034719016        0.0012192920        0.0012192920        0.0001833415        0.0001833415
       14.8000000000        0.1294142906        0.0034104359        0.0012388122        0.0012388122        0.0001748510        0.0001748510
       15.0000000000        0.1295387552        0.0033438367        0.0012573139        0.0012573139        0.0001663196        0.0001663196
       15.2000000000        0.1318392004        0.0032940036        0.0013018964        0.0013018964        0.0001585779        0.0001585779
       15.4000000000        0.1370285965        0.0033101047        0.0013837564        0.0013837564        0.0001526189        0.0001526189
       15.6000000000        0.1584954764        0.0036446674        0.0016475277        0.0016475277        0.0001592690        0.0001592690
       15.8000000000        0.1913737237        0.0046409212        0.0020297751        0.0020297751        0.0001943710        0.0001943710
       16.0000000000        0.1851501490        0.0043920758        0.0019326820        0.0019326820        0.0001801708        0.0001801708
       16.2000000000        0.1778586036        0.0041680921        0.0019745987        0.0019745987        0.0001627870        0.0001627870
       16.4000000000        0.1797830688        0.0041602758        0.0021003710        0.0021003710        0.0001550256        0.0001550256
       16.6000000000        0.1799270428        0.0041113911        0.0022198005        0.0022198005        0.0001449970        0.0001449970
       16.8000000000        0.1800798016        0.0040569497        0.0023381767        0.0023381767        0.0001349361        0.0001349361
       17.0000000000        0.1950737967        0.0041363880        0.0026723274        0.0026723274        0.0001275849        0.0001275849
       17.2000000000        0.2363472986        0.0060755302        0.0037536937        0.0037536937        0.0013658583        0.0013658583
       17.4000000000        0.2864297395        0.0079825680        0.0050625118        0.0050625118        0.0020322870        0.0020322870
       17.6000000000        0.3452359750        0.0090356510        0.0063619022        0.0063619023        0.0026263782        0.0026263782
       17.8000000000        0.4477341962        0.0099685623        0.0082339331        0.0082339331        0.0034772030        0.0034772030
       18.0000000000        0.5998057829        0.0199985898        0.0129179951        0.0129179951        0.0041941899        0.0041941899
       18.2000000000        0.3464404732        0.0073613770        0.0077808992        0.0077808992        0.0049258309        0.0049258309
       18.4000000000        0.2884045772        0.0053851327        0.0062037418        0.0062037418        0.0057439188        0.0057439188
       18.6000000000        0.2619322599        0.0045474970        0.0051148684        0.0051148684        0.0070643893        0.0070643893
       18.8000000000        0.3033528601        0.0045762159        0.0039614682        0.0039614682        0.0086582642        0.0086582642
       19.0000000000        0.1176108184        0.0023804395        0.0023836194        0.0023836194        0.0110374851        0.0110374851
       19.2000000000        0.1762081084        0.0024148557        0.0029160494        0.0029160494        0.0163189847        0.0163189847
       19.4000000000        0.2905648408        0.0023073792        0.0027972164        0.0027972164        0.0264238818        0.0264238818
       19.6000000000        0.1794284712        0.0023086707        0.0024791249        0.0024791249        0.0160622910        0.0160622910
       19.8000000000        0.1606131073        0.0022408282        0.0022132935        0.0022132935        0.0141229370        0.0141229370
       20.0000000000        0.1327434862        0.0021456630        0.0019714239        0.0019714239        0.0114490007        0.0114490007
       20.2000000000        0.1301259807        0.0021921042        0.0019387292        0.0019387292        0.0110158873        0.0110158873
       20.4000000000        0.1288540504        0.0022264353        0.0018993498        0.0018993498        0.0107019075        0.0107019075
       20.6000000000        0.1267597420        0.0022382472        0.0018524188        0.0018524188        0.0103223902        0.0103223902
       20.8000000000        0.1233374615        0.0022138711        0.0017997074        0.0017997074        0.0098380936        0.0098380936
       21.0000000000        0.1228690723        0.0022344033        0.0062151029        0.0062151029        0.0095625944        0.0095625944
       21.2000000000        0.1247663165        0.0022975457        0.0093251280        0.0093251281        0.0094809849        0.0094809849
       21.4000000000        0.1281681839        0.0024128272        0.0117798466        0.0117798466        0.0094965549        0.0094965549
       21.6000000000        0.1342045134        0.0025807177        0.0150595732        0.0150595733        0.0096837965        0.0096837965
       21.8000000000        0.1433102684        0.0027723649        0.0160658207        0.0160658207        0.0100818464        0.0100818464
       22.0000000000        0.1639528254        0.0029075184        0.0201820042        0.0201820042        0.0112512007        0.0112512007
       22.2000000000        0.1482662152        0.0028358713        0.0144643826        0.0144643826        0.0099146024        0.0099146024
       22.4000000000        0.1540708413        0.0029365241        0.0197027370        0.0197027370        0.0100307853        0.0100307853
       22.6000000000        0.2322471747        0.0047610082        0.0245001253        0.0245001253        0.0146722012        0.0146722012
       22.8000000000        0.2483255149        0.0049810125        0.0280100306        0.0280100306        0.0152691895        0.0152691895
       23.0000000000        0.4052350350        0.0075344082        0.0444560873        0.0444560873        0.0241101213        0.0241101213
       23.2000000000        0.0914682194        0.0003906549        0.0304441806        0.0304441806        0.0053648921        0.0053648921
       23.4000000000        0.0830943466        0.0004565292        0.0457679700        0.0457679700        0.0049234251        0.0049234251
       23.6000000000        0.0338135813        0.0001096074        0.0415333675        0.0415333675        0.0019014036        0.0019014036
       23.8000000000        0.0081880458        0.0000546769        0.0427368264        0.0427368265        0.0003834485        0.0003834485
       24.0000000000        0.0066441493        0.0000399230        0.0433403249        0.0433403249        0.0002916480        0.0002916480
       24.2000000000        0.0055073897        0.0000278056        0.0450987022        0.0450987023        0.0002269001        0.0002269001
       24.4000000000        0.0046270912        0.0000175602        0.0471895103        0.0471895104        0.0001797419        0.0001797419
       24.6000000000        0.0038968405        0.0000088908        0.0492223693        0.0492223693        0.0001457643        0.0001457643
       24.8000000000        0.0035534480        0.0000054092        0.0501664794        0.0501664795        0.0001413161        0.0001413161
       25.0000000000        0.0034744767        0.0000050624        0.0515994321        0.0515994322        0.0001573035        0.0001573035
       25.2000000000        0.0034489647        0.0000057794        0.0534996239        0.0534996239        0.0001800622        0.0001800622
       25.4000000000        0.0034086574        0.0000070694        0.0553127877        0.0553127878        0.0002056316        0.0002056316
       25.6000000000        0.0033793374        0.0000089771        0.0575955058        0.0575955058        0.0002386301        0.0002386301
       25.8000000000        0.0033402552        0.0000117472        0.0599735142        0.0599735142        0.0002793578        0.0002793578
       26.0000000000        0.0032781061        0.0000158049        0.0622352290        0.0622352290        0.0003261045        0.0003261045
       26.2000000000        0.0032176692        0.0000212787        0.0647018752        0.0647018752        0.0003845397        0.0003845397
       26.4000000000        0.0031950044        0.0000282428        0.0680432994        0.0680432994        0.0004609531        0.0004609531
       26.6000000000        0.0031635050        0.0000373395        0.0722862988        0.0722862989        0.0005731259        0.0005731259
       26.8000000000        0.0031387330        0.0000508656        0.0778700712        0.0778700712        0.0007300416        0.0007300416
       27.0000000000        0.0030594300        0.0000684990        0.0829037877        0.0829037878        0.0009345575        0.0009345575
       27.2000000000        0.0029532189        0.0000920525        0.0882313568        0.0882313568        0.0012011735        0.0012011735
       27.4000000000        0.0028890200        0.0001296415        0.0979970827        0.0979970828        0.0017080229        0.0017080229
       27.6000000000        0.0028174780        0.0001943168        0.1093537163        0.1093537165        0.0024446704        0.0024446704
       27.8000000000        0.0035938719        0.0006663060        0.1711387608        0.1711387613        0.0061320550        0.0061320550
       28.0000000000        0.0051007825        0.0023375529        0.3007376476        0.3007376486        0.0198269640        0.0198269640
       28.2000000000        0.0027027994        0.0009998484        0.1416033676        0.1416033675        0.0075015204        0.0075015204
       28.4000000000        0.0019984919        0.0006208328        0.1046624167        0.1046624164        0.0055200776        0.0055200776
       28.6000000000        0.0017863489        0.0004595909        0.0904799630        0.0904799628        0.0046244862        0.0046244862
       28.8000000000        0.0016504904        0.0003754240        0.0823315200        0.0823315200        0.0042228493        0.0042228493
       29.0000000000        0.0005664430        0.0002494504        0.0372910221        0.0372910220        0.0030399637        0.0030399637
       29.2000000000        0.0006859090        0.0002422954        0.0416564237        0.0416564237        0.0029720730        0.0029720730
       29.4000000000        0.0008229801        0.0002298051        0.0460995675        0.0460995674        0.0028124636        0.0028124636
       29.6000000000        0.0014029450        0.0008621850        0.1203092553        0.1203092577        0.0344536610        0.0344536610
       29.8000000000        0.0022239774        0.0004255670        0.1042463829        0.1042463830        0.0169111709        0.0169111709
       30.0000000000        0.0049847545        0.0004994376        0.1600429531        0.1600429533        0.0201724357        0.0201724357
       30.2000000000        0.0044071856        0.0004945177        0.1569154516        0.1569154516        0.0206575071        0.0206575071
       30.4000000000        0.0045665733        0.0004696623        0.1622750371        0.1622750368        0.0199820085        0.0199820085
       30.6000000000        0.0032833950        0.0004379998        0.1296621019        0.1296621017        0.0213376217        0.0213376217
       30.8000000000        0.0029796216        0.0004147640        0.1247397346        0.1247397345        0.0204387987        0.0204387987
       31.0000000000        0.0027873323        0.0003982469        0.1217435401        0.1217435400        0.0200442989        0.0200442989
       31.2000000000        0.0026303650        0.0003778178        0.1189206085        0.1189206083        0.0194133185        0.0194133185
       31.4000000000        0.0026052612        0.0003752403        0.1205512697        0.1205512696        0.0198569885        0.0198569885
       31.6000000000        0.0025551474        0.0003644090        0.1194412748        0.1194412747        0.0197200976        0.0197200976
       31.8000000000        0.0025324768        0.0003573241        0.1192405384        0.1192405383        0.0201861143        0.0201861143
       32.0000000000        0.0025344685        0.0003567837        0.1205978484        0.1205978483        0.0211606186        0.0211606186
       32.2000000000        0.0024996572        0.0003474292        0.1175807045        0.1175807045        0.0223087425        0.0223087425
       32.4000000000        0.0034783424        0.0004111115        0.1364644376        0.1364644375        0.0305228738        0.0305228738
       32.6000000000        0.0033774187        0.0004342759        0.1441183514        0.1441183512        0.0297760938        0.0297760938
       32.8000000000        0.0027065929        0.0003842726        0.1293425531        0.1293425529        0.0278784521        0.0278784521
       33.0000000000        0.0021270405        0.0003105657        0.1111415304        0.1111415304        0.0243767119        0.0243767119
       33.2000000000        0.0020970737        0.0002926451        0.1096895104        0.1096895103        0.0246065487        0.0246065487
       33.4000000000        0.0020947548        0.0002839412        0.1121028525        0.1121028526        0.0253104813        0.0253104813
       33.6000000000        0.0021131903        0.0002906372        0.1182904740        0.1182904741        0.0256639354        0.0256639354
       33.8000000000        0.0023816856        0.0003235204        0.1387110598        0.1387110598        0.0273269849        0.0273269849
       34.0000000000        0.0026449254        0.0003366428        0.1525806834        0.1525806834        0.0304570380        0.0304570380
       34.2000000000        0.0029934509        0.0003410083        0.1634303330        0.1634303329        0.0340034283        0.0340034283
       34.4000000000        0.0033972558        0.0003516668        0.1786615294        0.1786615294        0.0389051449        0.0389051449
       34.6000000000        0.0038749920        0.0003279304        0.1822587111        0.1822587111        0.0439941966        0.0439941966
       34.8000000000        0.0040707973        0.0002836982        0.1726141673        0.1726141672        0.0453968587        0.0453968587
       35.0000000000        0.0046850047        0.0002683811        0.1664888772        0.1664888771        0.0457445181        0.0457445181
       35.2000000000        0.0051655525        0.0002593174        0.1747311798        0.1747311798        0.0474040463        0.0474040463
       35.4000000000        0.0054228686        0.0002471206        0.1441744100        0.1441744099        0.0403575776        0.0403575776
       35.6000000000        0.0056781706        0.0002463928        0.1239633857        0.1239633856        0.0361889949        0.0361889949
       35.8000000000        0.0059305641        0.0002502414        0.1051164362        0.1051164361        0.0338142469        0.0338142469
       36.0000000000        0.0060617833        0.0002623013        0.1018858297        0.1018858297        0.0316585736        0.0316585736
       36.2000000000        0.0062944591        0.0002787891        0.1013560248        0.1013560248        0.0302191664        0.0302191664
       36.4000000000        0.0065878281        0.0002999871        0.1081138651        0.1081138651        0.0535634981        0.0535634981
       36.6000000000        0.0083809127        0.0005294923        0.1479004930        0.1479004931        0.0845170083        0.0845170083
       36.8000000000        0.0089048959        0.0006645870        0.1614916509        0.1614916508        0.1041239276        0.1041239276
       37.0000000000        0.0061964105        0.0007623036        0.1299790718        0.1299790718        0.1129277597        0.1129277597
       37.2000000000        0.0038541371        0.0023557422        0.1606605025        0.1606605029        0.2584783667        0.2584783667
       37.4000000000        0.0040152886        0.0009871184        0.1153741062        0.1153741062        0.1052301108        0.1052301108
       37.6000000000        0.0039693218        0.0008020419        0.1097619639        0.1097619638        0.1267088863        0.1267088863
       37.8000000000        0.0029858782        0.0004368113        0.0726371098        0.0726371095        0.1272154773        0.1272154773
       38.0000000000        0.0083637999        0.0007960770        0.2008469948        0.2008469947        0.1937340497        0.1937340497
       38.2000000000        0.0058659560        0.0007464961        0.1607130909        0.1607130910        0.1758475564        0.1758475564
       38.4000000000        0.0046652324        0.0007435092        0.1566591173        0.1566591173        0.1721371691        0.1721371691
       38.6000000000        0.0008465926        0.0006097414        0.0908598169        0.0908598169        0.1516267004        0.1516267004
       38.8000000000        0.0004483637        0.0006098495        0.0588615626        0.0588615626        0.1481345971        0.1481345971
       39.0000000000        0.0003395267        0.0006334935        0.0277543244        0.0277543244        0.1439094503        0.1439094503
       39.2000000000        0.0003233330        0.0006646658        0.0219957080        0.0219957080        0.1583120440        0.1583120440
       39.4000000000        0.0002602675        0.0006503513        0.0164601126        0.0164601126        0.1492998715        0.1492998715
       39.6000000000        0.0002448097        0.0006360295        0.0138949417        0.0138949417        0.1484020611        0.1484020611
       39.8000000000        0.0002348801        0.0006361433        0.0121057725        0.0121057725        0.1502636630        0.1502636630
       40.0000000000        0.0002220667        0.0006341159        0.0105140224        0.0105140224        0.1525419565        0.1525419565
       40.2000000000        0.0002647053        0.0006798001        0.0094206069        0.0094206069        0.1818388603        0.1818388603
       40.4000000000        0.0002653625        0.0007480409        0.0083320132        0.0083320131        0.2021713656        0.2021713656
       40.6000000000        0.0003034182        0.0009216424        0.0074723244        0.0074723244        0.2707498529        0.2707498529
       40.8000000000        0.0002166407        0.0008770408        0.0076585860        0.0076585860        0.2330520598        0.2330520598
       41.0000000000        0.0002035468        0.0009193494        0.0086316467        0.0086316466        0.2173305697        0.2173305697
       41.2000000000        0.0009269494        0.0028222700        0.0293630638        0.0293630637        0.5137565717        0.5137565717
       41.4000000000        0.0006591108        0.0018001439        0.0248099347        0.0248099348        0.3433773395        0.3433773395
       41.6000000000        0.0008379763        0.0017010331        0.0308818149        0.0308818150        0.3431386710        0.3431386710
       41.8000000000        0.0007820856        0.0017041440        0.0318383873        0.0318383873        0.2782832308        0.2782832308
       42.0000000000        0.0008462206        0.0013061257        0.0376236739        0.0376236739        0.2395576600        0.2395576600
       42.2000000000        0.0008568205        0.0012155174        0.0411267075        0.0411267075        0.2155224661        0.2155224661
       42.4000000000        0.0008697545        0.0010605748        0.0459975443        0.0459975443        0.1995158850        0.1995158850
       42.6000000000        0.0008408269        0.0010828070        0.0503901596        0.0503901596        0.1956751228        0.1956751228
       42.8000000000        0.0007415377        0.0009827780        0.0498097986        0.0498097986        0.1755671814        0.1755671814
       43.0000000000        0.0007332022        0.0009480150        0.0560831403        0.0560831403        0.1753272889        0.1753272889
       43.2000000000        0.0007063987        0.0010188260        0.0632233030        0.0632233030        0.1835354550        0.1835354550
       43.4000000000        0.0006384629        0.0009950743        0.0563048374        0.0563048374        0.1484345566        0.1484345566
       43.6000000000        0.0005939253        0.0011567360        0.0626292046        0.0626292046        0.1614750173        0.1614750173
       43.8000000000        0.0005060235        0.0013739513        0.0713328168        0.0713328167        0.1821550927        0.1821550927
       44.0000000000        0.0004419715        0.0018918602        0.0922317408        0.0922317408        0.2304538334        0.2304538334
       44.2000000000        0.0003231766        0.0025947782        0.0939536805        0.0939536797        0.2142329800        0.2142329800
       44.4000000000        0.0001546394        0.0017557990        0.0613577876        0.0613577882        0.1511752178        0.1511752178
       44.6000000000        0.0001515975        0.0013646742        0.0525678354        0.0525678355        0.1346866781        0.1346866781
       44.8000000000        0.0001298956        0.0010005794        0.0436254949        0.0436254949        0.1173422667        0.1173422667
       45.0000000000        0.0001051485        0.0007107999        0.0358463670        0.0358463670        0.1013580577        0.1013580577
       45.2000000000        0.0000834447        0.0005296328        0.0309601952        0.0309601952        0.0876516223        0.0876516223
       45.4000000000        0.0000640262        0.0003988288        0.0272323100        0.0272323100        0.0771407267        0.0771407267
       45.6000000000        0.0000471935        0.0002931835        0.0238387377        0.0238387377        0.0675576341        0.0675576341
       45.8000000000        0.0000335544        0.0002027751        0.0204810436        0.0204810436        0.0581057062        0.0581057062
       46.0000000000        0.0000236472        0.0001338737        0.0179018751        0.0179018751        0.0507660787        0.0507660787
       46.2000000000        0.0000140530        0.0000781949        0.0149737402        0.0149737402        0.0422816010        0.0422816010
       46.4000000000        0.0000055016        0.0000279606        0.0098452701        0.0098452701        0.0277548274        0.0277548274
       46.6000000000        0.0000000000        0.0000000000        0.0000000000        0.0000000000        0.0000000000        0.0000000000
       46.8000000000        0.0000000000        0.0000000000        0.0000000000        0.0000000000        0.0000000000        0.0000000000
       47.0000000000        0.0000000000        0.0000000000        0.0000000000        0.0000000000        0.0000000000        0.0000000000
       47.2000000000        0.0000000000        0.0000000000        0.0000000000        0.0000000000        0.0000000000        0.0000000000
       47.4000000000        0.0000000000        0.0000000000        0.0000000000        0.0000000000        0.0000000000        0.0000000000
       47.6000000000        0.0000000000        0.0000000000        0.0000000000        0.0000000000        0.0000000000        0.0000000000
       47.8000000000        0.0000000000        0.0000000000        0.0000000000        0.0000000000        0.0000000000        0.0000000000
       48.0000000000        0.0000000000        0.0000000000        0.0000000000        0.0000000000        0.0000000000        0.0000000000
       48.2000000000        0.0000000000        0.0000000000        0.0000000000        0.0000000000        0.0000000000        0.0000000000
       48.4000000000        0.0000000000        0.0000000000        0.0000000000        0.0000000000        0.0000000000        0.0000000000
       48.6000000000        0.0000000000        0.0000000000        0.0000000000        0.0000000000        0.0000000000        0.0000000000
       48.8000000000        0.0000000000        0.0000000000        0.0000000000        0.0000000000        0.0000000000        0.0000000000
       49.0000000000        0.0000000000        0.0000000000        0.0000000000        0.0000000000        0.0000000000        0.0000000000
       49.2000000000        0.0000000000        0.0000000000        0.0000000000        0.0000000000        0.0000000000        0.0000000000
       49.4000000000        0.0000000000        0.0000000000        0.0000000000        0.0000000000        0.0000000000        0.0000000000
       49.6000000000        0.0000000000        0.0000000000        0.0000000000        0.0000000000        0.0000000000        0.0000000000
       49.8000000000        0.0000000000        0.0000000000        0.0000000000        0.0000000000        0.0000000000        0.0000000000
       50.0000000000        0.0000000000        0.0000000000        0.0000000000        0.0000000000        0.0000000000        0.0000000000
       50.2000000000        0.0000000000        0.0000000000        0.0000000000        0.0000000000        0.0000000000        0.0000000000
       50.4000000000        0.0000000000        0.0000000000        0.0000000000        0.0000000000        0.0000000000        0.0000000000
       50.6000000000        0.0000000000        0.0000000000        0.0000000000        0.0000000000        0.0000000000        0.0000000000
       50.8000000000        0.0000000000        0.0000000000        0.0000000000        0.0000000000        0.0000000000        0.0000000000
       51.0000000000        0.0000000000        0.0000000000        0.0000000000        0.0000000000        0.0000000000        0.0000000000
       51.2000000000        0.0000000000        0.0000000000        0.0000000000        0.0000000000        0.0000000000        0.0000000000
       51.4000000000        0.0000000000        0.0000000000        0.0000000000        0.0000000000        0.0000000000        0.0000000000
       51.6000000000        0.0000000000        0.0000000000        0.0000000000        0.0000000000        0.0000000000        0.0000000000
       51.8000000000        0.0000000000        0.0000000000        0.0000000000        0.0000000000        0.0000000000        0.0000000000
       52.0000000000        0.0000000000        0.0000000000        0.0000000000        0.0000000000        0.0000000000        0.0000000000
       52.2000000000        0.0000000000        0.0000000000        0.0000000000        0.0000000000        0.0000000000        0.0000000000
       52.4000000000        0.0000000000        0.0000000000        0.0000000000        0.0000000000        0.0000000000        0.0000000000
       52.6000000000        0.0000000000        0.0000000000        0.0000000000        0.0000000000        0.0000000000        0.0000000000
       52.8000000000        0.0000000000        0.0000000000        0.0000000000        0.0000000000        0.0000000000        0.0000000000
       53.0000000000        0.0000000000        0.0000000000        0.0000000000        0.0000000000        0.0000000000        0.0000000000
       53.2000000000        0.0000000000        0.0000000000        0.0000000000        0.0000000000        0.0000000000        0.0000000000
       53.4000000000        0.0000000000        0.0000000000        0.0000000000        0.0000000000        0.0000000000        0.0000000000
       53.6000000000        0.0000000000        0.0000000000        0.0000000000        0.0000000000        0.0000000000        0.0000000000
       53.8000000000        0.0000000000        0.0000000000        0.0000000000        0.0000000000        0.0000000000        0.0000000000
       54.0000000000        0.0052480558        0.0000007881        0.0976535426        0.0976535396        0.0201331732        0.0201331732
       54.2000000000        0.0223311018        0.0000592766        0.4490766165        0.4490765927        0.0860415352        0.0860415352
       54.4000000000        0.0192286893        0.0001018610        0.4089907898        0.4089907983        0.0866928055        0.0866928055
       54.6000000000        0.0119117434        0.0000852132        0.2920187582        0.2920187608        0.0535334136        0.0535334136
       54.8000000000        0.0079718498        0.0000555115        0.2239137420        0.2239137424        0.0360319851        0.0360319851
       55.0000000000        0.0065450975        0.0000430802        0.2134339808        0.2134339809        0.0299809531        0.0299809531
       55.2000000000        0.0053997621        0.0000369311        0.2037859191        0.2037859196        0.0254690837        0.0254690837
       55.4000000000        0.0042754025        0.0000262186        0.1874185301        0.1874185302        0.0205799704        0.0205799704
       55.6000000000        0.0034582793        0.0000189224        0.1779831536        0.1779831536        0.0172065407        0.0172065407
       55.8000000000        0.0031359376        0.0000152350        0.1981985082        0.1981985073        0.0161043570        0.0161043570
       56.0000000000        0.0024636332        0.0000097642        0.1868215478        0.1868215477        0.0134337474        0.0134337474
       56.2000000000        0.0020165948        0.0000064195        0.1878036030        0.1878036028        0.0120216914        0.0120216914
       56.4000000000        0.0016978776        0.0000038973        0.2050330417        0.2050330415        0.0111718563        0.0111718563
       56.6000000000        0.0013581371        0.0000025191        0.1506127952        0.1506127950        0.0103771549        0.0103771549
       56.8000000000        0.0012979335        0.0000025992        0.1447486968        0.1447486965        0.0120954434        0.0120954434
       57.0000000000        0.0012224796        0.0000030109        0.2043041162        0.2043041155        0.0160490563        0.0160490563
       57.2000000000        0.0011058678        0.0000037131        0.1917044805        0.1917044811        0.0140859894        0.0140859894
       57.4000000000        0.0009721520        0.0000047999        0.1759529295        0.1759529301        0.0120765780        0.0120765780
       57.6000000000        0.0008322484        0.0000066038        0.1701303298        0.1701303304        0.0106930633        0.0106930633
       57.8000000000        0.0006272112        0.0000082341        0.1481600560        0.1481600565        0.0081922999        0.0081922999
       58.0000000000        0.0004463027        0.0000095170        0.1279234473        0.1279234491        0.0061319323        0.0061319323
       58.2000000000        0.0002808193        0.0000046700        0.0670783938        0.0670783942        0.0038210254        0.0038210254
       58.4000000000        0.0001850826        0.0000031875        0.0483678030        0.0483678032        0.0027404958        0.0027404958
       58.6000000000        0.0001154706        0.0000019802        0.0354724641        0.0354724643        0.0019714891        0.0019714891
       58.8000000000        0.0000641168        0.0000011437        0.0257194474        0.0257194475        0.0013718012        0.0013718012
       59.0000000000        0.0000263310        0.0000004849        0.0163637345        0.0163637345        0.0008300188        0.0008300188
       59.2000000000        0.0000041733        0.0000000879        0.0065000868        0.0065000868        0.0003108960        0.0003108960
       59.4000000000        0.0000000000        0.0000000000        0.0000000000        0.0000000000        0.0000000000        0.0000000000
       59.6000000000        0.0000000000        0.0000000000        0.0000000000        0.0000000000        0.0000000000        0.0000000000
       59.8000000000        0.0000000000        0.0000000000        0.0000000000        0.0000000000        0.0000000000        0.0000000000
       60.0000000000        0.0000000000        0.0000000000        0.0000000000        0.0000000000        0.0000000000        0.0000000000
       60.2000000000        0.0000000000        0.0000000000        0.0000000000        0.0000000000        0.0000000000        0.0000000000
       60.4000000000        0.0000000000        0.0000000000        0.0000000000        0.0000000000        0.0000000000        0.0000000000
       60.6000000000        0.0000000000        0.0000000000        0.0000000000        0.0000000000        0.0000000000        0.0000000000
       60.8000000000        0.0000000000        0.0000000000        0.0000000000        0.0000000000        0.0000000000        0.0000000000
       61.0000000000        0.0000000000        0.0000000000        0.0000000000        0.0000000000        0.0000000000        0.0000000000
       61.2000000000        0.0000000000        0.0000000000        0.0000000000        0.0000000000        0.0000000000        0.0000000000
       61.4000000000        0.0000000000        0.0000000000        0.0000000000        0.0000000000        0.0000000000        0.0000000000
       61.6000000000        0.0000000000        0.0000000000        0.0000000000        0.0000000000        0.0000000000        0.0000000000
       61.8000000000        0.0000000000        0.0000000000        0.0000000000        0.0000000000        0.0000000000        0.0000000000
       62.0000000000        0.0000000000        0.0000000000        0.0000000000        0.0000000000        0.0000000000        0.0000000000
       62.2000000000        0.0000000000        0.0000000000        0.0000000000        0.0000000000        0.0000000000        0.0000000000
       62.4000000000        0.0000000000        0.0000000000        0.0000000000        0.0000000000        0.0000000000        0.0000000000
       62.6000000000        0.0000000000        0.0000000000        0.0000000000        0.0000000000        0.0000000000        0.0000000000
       62.8000000000        0.0000000000        0.0000000000        0.0000000000        0.0000000000        0.0000000000        0.0000000000
       63.0000000000        0.0000000000        0.0000000000        0.0000000000        0.0000000000        0.0000000000        0.0000000000
       63.2000000000        0.0000000000        0.0000000000        0.0000000000        0.0000000000        0.0000000000        0.0000000000
       63.4000000000        0.0000000000        0.0000000000        0.0000000000        0.0000000000        0.0000000000        0.0000000000
       63.6000000000        0.0000000000        0.0000000000        0.0000000000        0.0000000000        0.0000000000        0.0000000000
       63.8000000000        0.0000000000        0.0000000000        0.0000000000        0.0000000000        0.0000000000        0.0000000000
       64.0000000000        0.0000000000        0.0000000000        0.0000000000        0.0000000000        0.0000000000        0.0000000000
       64.2000000000        0.0000000000        0.0000000000        0.0000000000        0.0000000000        0.0000000000        0.0000000000
       64.4000000000        0.0000000000        0.0000000000        0.0000000000        0.0000000000        0.0000000000        0.0000000000
       64.6000000000        0.0000000000        0.0000000000        0.0000000000        0.0000000000        0.0000000000        0.0000000000
       64.8000000000        0.0000000000        0.0000000000        0.0000000000        0.0000000000        0.0000000000        0.0000000000
       65.0000000000        0.0000000000        0.0000000000        0.0000000000        0.0000000000        0.0000000000        0.0000000000
       65.2000000000        0.0000000000        0.0000000000        0.0000000000        0.0000000000        0.0000000000        0.0000000000
       65.4000000000        0.0000000000        0.0000000000        0.0000000000        0.0000000000        0.0000000000        0.0000000000
       65.6000000000        0.0000000000        0.0000000000        0.0000000000        0.0000000000        0.0000000000        0.0000000000
       65.8000000000        0.0000000000        0.0000000000        0.0000000000        0.0000000000        0.0000000000        0.0000000000
       66.0000000000        0.0000000000        0.0000000000        0.0000000000        0.0000000000        0.0000000000        0.0000000000
       66.2000000000        0.0000000000        0.0000000000        0.0000000000        0.0000000000        0.0000000000        0.0000000000
       66.4000000000        0.0000000000        0.0000000000        0.0000000000        0.0000000000        0.0000000000        0.0000000000
       66.6000000000        0.0000000000        0.0000000000        0.0000000000        0.0000000000        0.0000000000        0.0000000000
       66.8000000000        0.0000000000        0.0000000000        0.0000000000        0.0000000000        0.0000000000        0.0000000000
       67.0000000000        0.0000000000        0.0000000000        0.0000000000        0.0000000000        0.0000000000        0.0000000000
       67.2000000000        0.0000000000        0.0000000000        0.0000000000        0.0000000000        0.0000000000        0.0000000000
       67.4000000000        0.0000000000        0.0000000000        0.0000000000        0.0000000000        0.0000000000        0.0000000000
       67.6000000000        0.0000000000        0.0000000000        0.0000000000        0.0000000000        0.0000000000        0.0000000000
       67.8000000000        0.0000000000        0.0000000000        0.0000000000        0.0000000000        0.0000000000        0.0000000000
       68.0000000000        0.0003281314        0.0000181308        0.0009242163        0.0009242163        0.0671354843        0.0671354843
       68.2000000000        0.0013791135        0.0000249520        0.0058426283        0.0058426283        0.1633573054        0.1633573054
       68.4000000000        0.0037870972        0.0000208437        0.0177820042        0.0177820042        0.2912519401        0.2912519401
       68.6000000000        0.0051611214        0.0000166917        0.0095443227        0.0095443227        0.1766120819        0.1766120819
       68.8000000000        0.0070383197        0.0000161906        0.0072696769        0.0072696769        0.1513209099        0.1513209099
       69.0000000000        0.0085003839        0.0000157994        0.0063627798        0.0063627798        0.1380804022        0.1380804022
       69.2000000000        0.0086380104        0.0000134072        0.0044571054        0.0044571054        0.1103746884        0.1103746884
       69.4000000000        0.0103703447        0.0000136965        0.0040771446        0.0040771446        0.1099393257        0.1099393257
       69.6000000000        0.0121060488        0.0000139928        0.0036925129        0.0036925129        0.1095079462        0.1095079462
       69.8000000000        0.0122322763        0.0000121834        0.0028863458        0.0028863458        0.0954772118        0.0954772118
       70.0000000000        0.0139631164        0.0000117456        0.0025920437        0.0025920437        0.0948990405        0.0948990405
       70.2000000000        0.0156935426        0.0000113054        0.0022972368        0.0022972368        0.0943216592        0.0943216592
       70.4000000000        0.0174609530        0.0000108640        0.0020077867        0.0020077867        0.0939177468        0.0939177468
       70.6000000000        0.0219188667        0.0000107441        0.0018772370        0.0018772370        0.1037046192        0.1037046192
       70.8000000000        0.0252580673        0.0000085806        0.0015300609        0.0015300609        0.1033585504        0.1033585504
       71.0000000000        0.0284039719        0.0000064059        0.0011753996        0.0011753996        0.1021035490        0.1021035490
       71.2000000000        0.0527267491        0.0000082517        0.0014885671        0.0014885671        0.1707654688        0.1707654688
       71.4000000000        0.0000000000        0.0000000000        0.0000000000        0.0000000000        0.0000000000        0.0000000000
       71.6000000000        0.0000000000        0.0000000000        0.0000000000        0.0000000000        0.0000000000        0.0000000000
       71.8000000000        0.0000000000        0.0000000000        0.0000000000        0.0000000000        0.0000000000        0.0000000000
       72.0000000000        0.0000000000        0.0000000000        0.0000000000        0.0000000000        0.0000000000        0.0000000000
       72.2000000000        0.0000000000        0.0000000000        0.0000000000        0.0000000000        0.0000000000        0.0000000000
       72.4000000000        0.0000000000        0.0000000000        0.0000000000        0.0000000000        0.0000000000        0.0000000000
       72.6000000000        0.0000000000        0.0000000000        0.0000000000        0.0000000000        0.0000000000        0.0000000000
       72.8000000000        0.0000000000        0.0000000000        0.0000000000        0.0000000000        0.0000000000        0.0000000000
       73.0000000000        0.0117441924        0.0001170645        0.0062434818        0.0062434818        0.3528358867        0.3528358867
       73.2000000000        0.0070278606        0.0000387400        0.0016312759        0.0016312759        0.1368118691        0.1368118691
       73.4000000000        0.0094647272        0.0000317065        0.0013207479        0.0013207479        0.1184878223        0.1184878223
       73.6000000000        0.0124166865        0.0000284333        0.0010807813        0.0010807813        0.1164447629        0.1164447629
       73.8000000000        0.0137590871        0.0000250227        0.0008410926        0.0008410926        0.1085306968        0.1085306968
       74.0000000000        0.0150700269        0.0000232641        0.0007227980        0.0007227980        0.1062976227        0.1062976227
       74.2000000000        0.0164684344        0.0000216953        0.0006070052        0.0006070052        0.1057513251        0.1057513251
       74.4000000000        0.0191527083        0.0000221957        0.0005266968        0.0005266968        0.1126133369        0.1126133369
       74.6000000000        0.0221663072        0.0000223393        0.0004842421        0.0004842421        0.1230382176        0.1230382176
       74.8000000000        0.0233550486        0.0000208085        0.0003956970        0.0003956970        0.1231923450        0.1231923450
       75.0000000000        0.0273938548        0.0000225716        0.0003388206        0.0003388206        0.1369915504        0.1369915504
       75.2000000000        0.0354484987        0.0000248761        0.0003277900        0.0003277900        0.1710050348        0.1710050348
       75.4000000000        0.0421425102        0.0000280411        0.0002668439        0.0002668439        0.1949784817        0.1949784817
       75.6000000000        0.0884699278        0.0000547758        0.0003463630        0.0003463630        0.3949508688        0.3949508688
       75.8000000000        0.0321322367        0.0000063991        0.0000597857        0.0000597857        0.1446228699        0.1446228699
       76.0000000000        0.0000000000        0.0000000000        0.0000000000        0.0000000000        0.0000000000        0.0000000000
       76.2000000000        0.0000000000        0.0000000000        0.0000000000        0.0000000000        0.0000000000        0.0000000000
       76.4000000000        0.0000000000        0.0000000000        0.0000000000        0.0000000000        0.0000000000        0.0000000000
       76.6000000000        0.0000000000        0.0000000000        0.0000000000        0.0000000000        0.0000000000        0.0000000000
       76.8000000000        0.0000000000        0.0000000000        0.0000000000        0.0000000000        0.0000000000        0.0000000000
       77.0000000000        0.0000000000        0.0000000000        0.0000000000        0.0000000000        0.0000000000        0.0000000000
       77.2000000000        0.0000000000        0.0000000000        0.0000000000        0.0000000000        0.0000000000        0.0000000000
       77.4000000000        0.0000000000        0.0000000000        0.0000000000        0.0000000000        0.0000000000        0.0000000000
       77.6000000000        0.0000000000        0.0000000000        0.0000000000        0.0000000000        0.0000000000        0.0000000000
       77.8000000000        0.0000000000        0.0000000000        0.0000000000        0.0000000000        0.0000000000        0.0000000000
       78.0000000000        0.0000000000        0.0000000000        0.0000000000        0.0000000000        0.0000000000        0.0000000000
       78.2000000000        0.0000000000        0.0000000000        0.0000000000        0.0000000000        0.0000000000        0.0000000000
       78.4000000000        0.0000000000        0.0000000000        0.0000000000        0.0000000000        0.0000000000        0.0000000000
       78.6000000000        0.0000000000        0.0000000000        0.0000000000        0.0000000000        0.0000000000        0.0000000000
       78.8000000000        0.0000000000        0.0000000000        0.0000000000        0.0000000000        0.0000000000        0.0000000000
       79.0000000000        0.0000000000        0.0000000000        0.0000000000        0.0000000000        0.0000000000        0.0000000000
       79.2000000000        0.0000000000        0.0000000000        0.0000000000        0.0000000000        0.0000000000        0.0000000000
       79.4000000000        0.0000000000        0.0000000000        0.0000000000        0.0000000000        0.0000000000        0.0000000000
       79.6000000000        0.0000000000        0.0000000000        0.0000000000        0.0000000000        0.0000000000        0.0000000000
       79.8000000000        0.0000000000        0.0000000000        0.0000000000        0.0000000000        0.0000000000        0.0000000000
       80.0000000000        0.0000000000        0.0000000000        0.0000000000        0.0000000000        0.0000000000        0.0000000000
       80.2000000000        0.0000000000        0.0000000000        0.0000000000        0.0000000000        0.0000000000        0.0000000000
       80.4000000000        0.0000000000        0.0000000000        0.0000000000        0.0000000000        0.0000000000        0.0000000000
       80.6000000000        0.0000000000        0.0000000000        0.0000000000        0.0000000000        0.0000000000        0.0000000000
       80.8000000000        0.0000000000        0.0000000000        0.0000000000        0.0000000000        0.0000000000        0.0000000000
       81.0000000000        0.0000000000        0.0000000000        0.0000000000        0.0000000000        0.0000000000        0.0000000000
       81.2000000000        0.0000000000        0.0000000000        0.0000000000        0.0000000000        0.0000000000        0.0000000000
       81.4000000000        0.0000000000        0.0000000000        0.0000000000        0.0000000000        0.0000000000        0.0000000000
       81.6000000000        0.0000000000        0.0000000000        0.0000000000        0.0000000000        0.0000000000        0.0000000000
       81.8000000000        0.0000000000        0.0000000000        0.0000000000        0.0000000000        0.0000000000        0.0000000000
       82.0000000000        0.0000000000        0.0000000000        0.0000000000        0.0000000000        0.0000000000        0.0000000000
       82.2000000000        0.0000000000        0.0000000000        0.0000000000        0.0000000000        0.0000000000        0.0000000000
       82.4000000000        0.0000000000        0.0000000000        0.0000000000        0.0000000000        0.0000000000        0.0000000000
       82.6000000000        0.0000000000        0.0000000000        0.0000000000        0.0000000000        0.0000000000        0.0000000000
       82.8000000000        0.0000000000        0.0000000000        0.0000000000        0.0000000000        0.0000000000        0.0000000000
       83.0000000000        0.0000000000        0.0000000000        0.0000000000        0.0000000000        0.0000000000        0.0000000000
       83.2000000000        0.0000000000        0.0000000000        0.0000000000        0.0000000000        0.0000000000        0.0000000000
       83.4000000000        0.0000000000        0.0000000000        0.0000000000        0.0000000000        0.0000000000        0.0000000000
       83.6000000000        0.0000000000        0.0000000000        0.0000000000        0.0000000000        0.0000000000        0.0000000000
       83.8000000000        0.0000000000        0.0000000000        0.0000000000        0.0000000000        0.0000000000        0.0000000000
       84.0000000000        0.0000000000        0.0000000000        0.0000000000        0.0000000000        0.0000000000        0.0000000000
       84.2000000000        0.0000000000        0.0000000000        0.0000000000        0.0000000000        0.0000000000        0.0000000000
       84.4000000000        0.0000000000        0.0000000000        0.0000000000        0.0000000000        0.0000000000        0.0000000000
       84.6000000000        0.0000000000        0.0000000000        0.0000000000        0.0000000000        0.0000000000        0.0000000000
       84.8000000000        0.0000000000        0.0000000000        0.0000000000        0.0000000000        0.0000000000        0.0000000000
       85.0000000000        0.0000000000        0.0000000000        0.0000000000        0.0000000000        0.0000000000        0.0000000000
